4294967294,0
4294967278,74
4294967278,69
4294967278,64
4294967278,58
4294967278,41
4294967278,27
4294967278,26
4294967278,13
4294967279,107
4294967279,70
4294967279,59
4294967279,53
4294967279,50
4294967279,48
4294967279,44
4294967279,41
4294967294,2189
4294967294,1
4294967294,1953
4294967294,1638
4294967294,1954
4294967294,779
4294967294,1442
4294967294,1952
4294967278,286
4294967279,258
4294967278,278
4294967279,257
4294967278,285
4294967279,254
4294967278,258
4294967279,253
4294967278,257
4294967279,252
4294967278,256
4294967279,251
4294967278,391
4294967279,250
4294967278,390
4294967279,333
4294967278,253
4294967279,249
4294967278,252
4294967279,332
4294967278,251
4294967279,247
4294967278,250
4294967278,249
4294967279,331
4294967279,244
4294967278,389
4294967279,243
4294967278,388
4294967294,1947
4294967279,330
4294967278,387
4294967279,329
4294967278,386
4294967279,328
4294967278,385
6,4
4,4
5,4
4294967294,49
3,4
4294967294,959
4294967294,2267
4294967294,2268
4294967294,35
4294967294,38
4294967294,172
4294967294,2263
4294967294,2195
4294967294,1120
4294967294,111
4294967294,170
4294967294,1495
4294967294,5
4294967294,10
4294967294,2205
4294967294,2196
4294967294,2193
4294967294,2190
4294967294,1148
4294967294,1146
4294967294,1144
4294967294,1143
4294967294,1142
4294967294,1140
4294967294,1139
4294967294,1137
4294967294,1136
4294967294,1134
4294967294,1132
4294967294,769
4294967294,1472
4294967294,79
4294967294,2198
4294967294,2197
4294967294,22
4294967294,17
4294967294,41
4294967294,74
4294967294,40
4294967294,42
4294967294,174
4294967294,18
4294967294,123
4294967294,14
4294967294,122
4294967294,20
4294967294,13
4294967294,12
4294967294,11
4294967294,24
4294967294,2270
4294967294,1475
4294967294,1106
4294967294,65
4294967293,131
4294967293,130
4294967293,129
4294967293,128
4294967293,127
4294967293,126
4294967293,125
4294967293,124
4294967293,123
4294967293,122
4294967293,121
4294967293,120
4294967293,119
4294967293,118
4294967293,117
4294967293,116
4294967293,115
4294967293,114
4294967293,113
4294967293,112
4294967293,111
4294967293,110
4294967293,109
4294967293,108
4294967293,107
4294967293,106
4294967293,105
4294967293,104
4294967293,103
4294967293,102
4294967293,101
4294967293,100
4294967293,99
4294967293,98
4294967293,97
4294967293,96
4294967293,95
4294967293,94
4294967293,93
4294967293,92
4294967293,91
4294967293,90
4294967293,89
4294967293,87
4294967293,86
4294967293,85
4294967293,84
4294967293,83
4294967293,82
4294967293,81
4294967293,80
4294967293,79
4294967293,78
4294967293,77
4294967293,76
4294967293,75
4294967293,74
4294967293,73
4294967293,72
4294967293,71
4294967293,70
4294967293,69
4294967293,68
4294967293,67
4294967293,66
4294967293,65
4294967293,64
4294967293,63
4294967293,62
4294967293,61
4294967293,60
4294967293,59
4294967293,58
4294967293,57
4294967293,56
4294967293,55
4294967293,54
4294967293,53
4294967293,52
4294967293,51
4294967293,50
4294967293,49
4294967293,48
4294967293,47
4294967293,46
4294967293,45
4294967293,44
4294967293,43
4294967293,42
4294967293,41
4294967293,40
4294967293,39
4294967293,38
4294967293,37
4294967293,36
4294967293,35
4294967293,34
4294967293,33
4294967293,32
4294967293,31
4294967293,30
4294967293,29
4294967293,28
4294967293,27
4294967293,26
4294967293,25
4294967293,24
4294967293,23
4294967293,22
4294967293,21
4294967293,20
4294967293,19
4294967293,18
4294967293,17
4294967293,16
4294967293,15
4294967293,14
4294967293,13
4294967293,12
4294967293,11
4294967293,10
4294967293,9
4294967293,8
4294967293,7
4294967293,6
4294967293,5
4294967293,4
4294967293,3
4294967278,126
4294967278,125
4294967278,124
4294967278,123
4294967278,121
4294967278,120
4294967278,118
4294967278,117
4294967278,354
4294967278,116
4294967278,115
4294967278,114
4294967278,113
4294967278,353
4294967278,111
4294967278,110
4294967278,86
4294967278,85
4294967278,83
4294967278,82
4294967278,81
4294967278,79
4294967278,78
4294967278,76
4294967278,75
4294967278,73
4294967278,72
4294967278,71
4294967278,70
4294967278,68
4294967278,67
4294967278,66
4294967278,359
4294967278,65
4294967278,63
4294967278,62
4294967278,61
4294967278,60
4294967278,59
4294967278,57
4294967278,56
4294967278,55
4294967278,54
4294967278,53
4294967278,52
4294967278,51
4294967278,50
4294967278,49
4294967278,48
4294967278,43
4294967278,38
4294967278,374
4294967278,32
4294967278,31
4294967278,30
4294967278,489
4294967278,28
4294967278,24
4294967278,23
4294967278,20
4294967278,19
4294967278,18
4294967278,17
4294967278,16
4294967278,15
4294967278,14
4294967278,12
4294967278,11
4294967278,10
4294967278,9
4294967278,8
4294967278,174
4294967278,88
4294967278,7
4294967278,346
4294967278,6
4294967278,5
4294967278,4
4294967279,132
4294967279,131
4294967279,130
4294967279,245
4294967279,129
4294967279,492
4294967279,128
4294967279,127
4294967279,126
4294967279,125
4294967279,123
4294967279,242
4294967279,122
4294967279,120
4294967279,119
4294967279,118
4294967279,491
4294967279,117
4294967279,116
4294967279,115
4294967279,114
4294967279,113
4294967279,111
4294967279,110
4294967279,109
4294967279,99
4294967279,98
4294967279,97
4294967279,96
4294967279,95
4294967279,94
4294967279,93
4294967279,92
4294967279,91
4294967279,90
4294967279,89
4294967279,86
4294967279,85
4294967279,83
4294967279,82
4294967279,80
4294967279,79
4294967279,78
4294967279,76
4294967279,75
4294967279,72
4294967279,55
4294967279,42
4294967279,39
4294967279,38
4294967279,543
4294967279,493
4294967279,260
4294967279,2
4294967294,2401
4294967294,2758
4294967294,2284
4294967294,2285
4294967294,2286
4294967294,2761
4294967294,166
4294967294,1474
4294967294,1107
4294967294,1867
4294967294,1866
4294967294,1865
4294967294,1864
4294967294,1863
4294967294,1861
4294967294,1862
4294967294,1860
4294967294,1859
4294967294,1858
4294967294,1857
4294967294,1856
4294967294,895
4294967294,894
4294967294,893
4294967294,892
4294967294,891
4294967279,490
4294967279,489
4294967278,349
4294967279,494
4294967278,506
4294967294,1489
4294967294,2762
4294967294,2292
4294967294,2398
4294967294,2283
4294967294,2757
4294967294,2296
4294967294,1493
4294967294,2397
4294967294,1480
4294967294,743
4294967294,742
4294967294,740
4294967294,738
4294967294,2300
4294967294,737
4294967294,735
4294967294,734
4294967294,731
4294967294,728
4294967294,727
4294967294,726
4294967294,725
4294967294,724
4294967294,723
4294967294,722
4294967294,2395
4294967294,711
4294967294,2280
4294967294,708
4294967294,707
4294967294,706
4294967294,705
4294967294,703
4294967294,702
4294967294,2281
4294967294,699
4294967294,698
4294967294,559
4294967294,697
4294967294,696
4294967294,686
4294967294,676
4294967294,675
4294967294,672
4294967294,660
4294967294,656
4294967294,1124
4294967294,654
1,0
4294967294,653
4294967294,652
4294967294,649
4294967294,648
4294967294,645
4294967294,2293
4294967294,2289
4294967294,638
4294967294,636
4294967294,2288
4294967294,635
4294967294,634
4294967294,633
4294967294,632
4294967294,2287
4294967294,630
4294967294,628
4294967294,2294
4294967294,627
4294967294,625
4294967294,624
4294967294,2295
4294967294,1469
4294967294,617
4294967294,616
4294967294,615
4294967294,614
4294967294,613
4294967294,611
4294967294,608
4294967294,607
4294967294,606
4294967294,604
4294967294,602
4294967294,601
4294967294,600
4294967294,599
4294967294,598
4294967294,597
4294967294,2755
4294967294,596
4294967294,595
4294967294,594
4294967294,593
4294967294,591
4294967294,588
4294967294,585
4294967294,583
4294967294,581
4294967294,308
4294967294,305
4294967294,304
4294967294,297
4294967294,296
4294967294,295
4294967294,294
4294967294,544
4294967294,290
4294967294,1527
4294967294,271
4294967294,270
4294967294,267
4294967294,264
4294967294,1635
4294967294,1455
4294967294,255
4294967294,254
4294967294,1611
4294967294,240
4294967294,237
4294967294,535
4294967294,218
4294967294,217
4294967294,216
4294967294,213
4294967294,209
4294967294,204
4294967294,200
4294967294,199
4294967294,1459
4294967294,196
4294967294,195
4294967294,194
4294967294,193
4294967294,530
4294967294,528
4294967294,527
4294967294,518
4294967294,1491
4294967294,517
4294967294,1619
4294967294,1618
4294967294,1617
4294967294,1533
4294967294,1467
4294967294,1413
4294967294,1410
4294967294,2754
4294967294,1942
4294967294,416
4294967294,2752
4294967294,1941
4294967294,1940
4294967294,1939
4294967294,1938
4294967294,1937
4294967294,1936
4294967294,1460
4294967294,1935
4294967294,1934
4294967294,1933
4294967294,1453
4294967294,1932
4294967294,1931
4294967294,1930
4294967294,1448
4294967294,1470
4294967294,1444
4294967294,1445
4294967294,1929
4294967294,2204
4294967294,1928
4294967294,1437
4294967294,1466
4294967294,1462
4294967294,1465
4294967294,1927
4294967294,1458
4294967294,1485
4294967294,1456
4294967294,2200
4294967294,1422
4294967294,1926
4294967294,414
4294967294,1421
4294967294,1457
4294967294,1925
4294967294,1432
4294967294,1425
4294967294,1924
4294967294,1417
4294967294,1923
4294967294,2301
4294967294,1451
4294967294,1922
4294967294,2248
4294967294,1420
4294967294,1920
4294967294,1921
4294967294,1412
4294967294,1447
4294967294,1449
4294967294,2279
4294967294,2278
4294967294,1478
4294967294,1438
4294967294,1481
4294967294,2282
4294967294,1446
4294967294,2394
4294967294,2203
4294967294,411
4294967294,1434
4294967294,1435
4294967294,1436
4294967294,1431
4294967294,2760
4294967294,1427
4294967294,1439
4294967294,1428
4294967294,1423
4294967294,1419
4294967294,1503
4294967294,1424
4294967294,1430
4294967294,2255
4294967294,445
4294967294,1416
4294967294,1104
4294967294,1479
4294967294,922
4294967294,403
4294967294,1529
4294967294,1429
4294967294,1483
4294967294,571
4294967294,1492
4294967294,1408
4294967294,935
4294967294,2250
4294967294,941
4294967294,1101
4294967294,1100
4294967294,1097
4294967294,1096
4294967294,1095
4294967294,1093
4294967294,1094
4294967294,2202
4294967294,1624
4294967294,1623
4294967294,8
4294967294,890
4294967294,889
4294967294,888
4294967294,887
4294967294,886
4294967294,884
4294967294,885
4294967294,883
4294967294,882
4294967294,881
4294967294,880
4294967294,879
4294967294,878
4294967294,877
4294967294,876
4294967294,875
4294967294,874
4294967278,495
4294967278,470
4294967279,466
4294967278,306
4294967278,347
4294967278,490
4294967278,450
4294967279,486
4294967278,487
4294967279,454
4294967279,545
4294967279,356
4294967279,355
4294967279,215
4294967279,366
4294967279,461
4294967279,227
4294967278,276
4294967279,255
4294967279,469
4294967279,453
4294967278,342
4294967279,211
4294967279,541
4294967279,539
4294967279,364
4294967279,275
4294967279,268
4294967278,263
4294967278,299
4294967279,320
4294967278,339
4294967279,367
4294967279,256
4294967279,318
4294967279,523
4294967279,225
4294967279,462
4294967279,452
4294967278,337
4294967279,571
4294967279,569
4294967279,374
4294967279,373
4294967279,372
4294967278,336
4294967279,488
4294967279,273
4294967279,262
4294967279,467
4294967278,507
4294967279,562
4294967279,487
4294967279,520
4294967278,334
4294967278,239
4294967278,484
4294967279,219
4294967279,470
4294967279,483
4294967279,485
4294967278,331
4294967278,345
4294967278,344
4294967278,343
4294967278,341
4294967279,484
4294967279,457
4294967279,319
4294967279,363
4294967279,221
4294967279,536
4294967278,338
4294967294,156
4294967294,2247
4294967294,2243
4294967294,2244
4294967294,413
4294967294,418
4294967294,415
4294967294,134
4294967294,137
4294967294,447
4294967294,129
4294967294,446
4294967294,128
4294967294,420
4294967294,421
4294967294,130
4294967294,2242
4294967294,426
4294967294,440
4294967294,2240
4294967294,406
4294967294,408
4294967294,407
4294967294,405
4294967294,409
4294967294,419
4294967294,404
4294967294,400
4294967294,385
4294967294,1656
4294967294,395
4294967294,396
4294967294,160
4294967294,393
4294967294,1441
4294967294,168
4294967294,829
4294967294,2178
4294967294,2177
4294967294,777
4294967294,2187
4294967294,2186
4294967294,2188
4294967294,2184
4294967294,398
4294967294,776
4294967294,774
4294967294,773
4294967294,1658
4294967294,771
4294967294,2201
4294967294,770
4294967294,2183
4294967294,2185
4294967294,2181
4294967294,2182
4294967294,162
4294967294,397
4294967294,121
4294967294,401
4294967294,782
4294967294,873
4294967294,872
4294967294,120
4294967294,871
